ACTIONS = {getBasePlate, setBasePlate, getSpring1, setSpring1, getSpring2, setSpring2, getPCB, setPCB, getLid, setLid, clickLid, getButton, setButton, checkSwitch, removeSwitch};
RESOURCES = {robotL, robotR, operator};
PRODUCTS = [1 2 3 4 ];
actionStartTime = [55, 70, 70, 110, 131, 171, 355, 371, 382, 397, 556, 570, 600, 690, 720, 191, 206, 189, 229, 255, 295, 472, 488, 499, 514, 609, 630, 660, 770, 800, 0, 30, 111, 140, 295, 324, 514, 530, 550, 565, 630, 700, 730, 810, 840, 0, 15, 0, 40, 235, 264, 416, 432, 443, 458, 600, 600, 630, 730, 760];
actionEndTime = [70, 93, 110, 140, 171, 206, 371, 397, 397, 432, 565, 600, 630, 720, 730, 206, 229, 229, 264, 295, 325, 488, 514, 514, 544, 618, 660, 690, 800, 810, 30, 70, 140, 171, 324, 355, 530, 556, 565, 600, 639, 730, 760, 840, 850, 15, 38, 40, 70, 264, 295, 432, 458, 458, 488, 609, 630, 660, 760, 770];
actionDuration = [15, 23, 40, 30, 40, 35, 16, 26, 15, 35, 9, 30, 30, 30, 10, 15, 23, 40, 35, 40, 30, 16, 26, 15, 30, 9, 30, 30, 30, 10, 30, 40, 29, 31, 29, 31, 16, 26, 15, 35, 9, 30, 30, 30, 10, 15, 23, 40, 30, 29, 31, 16, 26, 15, 30, 9, 30, 30, 30, 10];
selectedResource = [3, 3, 1, 1, 2, 2, 3, 3, 2, 2, 3, 1, 1, 3, 3, 3, 3, 1, 1, 2, 2, 3, 3, 2, 2, 3, 1, 1, 3, 3, 1, 1, 3, 3, 3, 3, 3, 3, 2, 2, 3, 1, 1, 3, 3, 3, 3, 2, 2, 3, 3, 3, 3, 2, 2, 3, 2, 2, 3, 3];
resourceStartTimes = [0, 0, 0];
resourceEndTimes = [760, 660, 850];
resourceDurations = [760, 660, 850];
obj = 850;
softConstr = ;
cycleTime = 850;
maxDuration = ;
