ACTIONS = {getBasePlate, setBasePlate, getSpring1, setSpring1, getSpring2, setSpring2, getPCB, setPCB, getLid, setLid, clickLid, getButton, setButton, checkSwitch, removeSwitch};
RESOURCES = {robotL, robotR, operator};
PRODUCTS = [1 2 3 4 ];
actionStartTime = [0, 30, 203, 232, 397, 426, 538, 554, 729, 753, 771, 791, 821, 851, 881, 0, 15, 0, 40, 70, 110, 304, 320, 331, 346, 529, 550, 580, 689, 719, 55, 70, 105, 145, 145, 185, 346, 362, 376, 391, 499, 478, 508, 649, 679, 165, 180, 180, 220, 250, 290, 457, 473, 484, 499, 610, 619, 649, 771, 801];
actionEndTime = [30, 70, 232, 263, 426, 457, 554, 580, 753, 771, 791, 821, 851, 881, 891, 15, 38, 40, 70, 110, 145, 320, 346, 346, 376, 538, 580, 610, 719, 729, 70, 93, 145, 180, 185, 215, 362, 388, 391, 426, 508, 508, 538, 679, 689, 180, 203, 220, 250, 290, 320, 473, 499, 499, 529, 619, 649, 679, 801, 811];
actionDuration = [30, 40, 29, 31, 29, 31, 16, 26, 24, 18, 20, 30, 30, 30, 10, 15, 23, 40, 30, 40, 35, 16, 26, 15, 30, 9, 30, 30, 30, 10, 15, 23, 40, 35, 40, 30, 16, 26, 15, 35, 9, 30, 30, 30, 10, 15, 23, 40, 30, 40, 30, 16, 26, 15, 30, 9, 30, 30, 30, 10];
selectedResource = [1, 1, 3, 3, 3, 3, 3, 3, 3, 3, 1, 1, 1, 3, 3, 3, 3, 2, 2, 1, 1, 3, 3, 2, 2, 3, 1, 1, 3, 3, 3, 3, 2, 2, 1, 1, 3, 3, 2, 2, 3, 1, 1, 3, 3, 3, 3, 2, 2, 2, 2, 3, 3, 2, 2, 3, 1, 1, 3, 3];
resourceStartTimes = [0, 0, 0];
resourceEndTimes = [851, 529, 891];
resourceDurations = [851, 529, 891];
obj = 891;
softConstr = ;
cycleTime = 891;
maxDuration = ;
